                               
1 "1993(2)" NA        NA       
2 "1993(4)" "2001(1)" NA       
3 "1993(4)" "1999(3)" "2005(2)"


           
1 54 NA  NA
2 56 85  NA
3 56 79 102


                               
1 "1993(4)" NA        NA       
2 "1993(4)" "2001(1)" NA       
3 "1993(4)" "1999(3)" "2005(2)"


           
1 56 NA  NA
2 56 85  NA
3 56 79 102


                               
1 "1993(4)" NA        NA       
2 "1993(4)" "1999(3)" NA       
3 "1993(4)" "1999(3)" "2005(2)"


           
1 56 NA  NA
2 56 79  NA
3 56 79 102


                               
1 NA        "1994(1)" NA       
2 NA        "1994(1)" "2001(3)"
3 "1988(2)" "1994(1)" "2001(3)"


          
1 NA 57 NA
2 NA 57 87
3 34 57 87


                               
1 NA        "1993(4)" NA       
2 NA        "1994(1)" "2001(1)"
3 "1988(2)" "1994(1)" "2001(1)"


          
1 NA 56 NA
2 NA 57 85
3 34 57 85


                               
1        NA 0.6950355        NA
2        NA 0.6099291 0.8368794
3 0.3404255 0.5602837 0.8368794


           
1 NA 98  NA
2 NA 86 118
3 48 79 118


                               
1 0.1489362        NA        NA
2 0.1489362 0.7375887        NA
3 0.1489362 0.6666667 0.8156028


            
1 21  NA  NA
2 21 104  NA
3 21  94 115


                               
1 "1993(4)" NA        NA       
2 "1994(1)" "2001(3)" NA       
3 "1994(1)" "2001(3)" "2011(4)"


           
1 56 NA  NA
2 57 87  NA
3 57 87 128


